255,1/1/2020,1,0.07, ,0, ,295, ,9.7, ,67.9, ,36.9, ,52.5, ,100, ,37, ,72, ,43.7, ,3.3, ,79.1, ,52.2, 
255,1/2/2020,2,0.07, ,0, ,246, ,7.8, ,68.1, ,38.3, ,52.6, ,100, ,0, ,57, ,38, ,3.4, ,81.3, ,52.3, 
255,1/3/2020,3,0.07, ,0, ,258, ,10.5, ,73.4, ,40.3, ,55.9, ,100, ,39, ,69, ,45.7, ,3.1, ,73.7, ,52.5, 
255,1/4/2020,4,0.07, ,0, ,304, ,11, ,72.9, ,40.6, ,53.9, ,100, ,41, ,77, ,47, ,2.5, ,58.9, ,52.6, 
255,1/5/2020,5,0.07, ,0, ,268, ,8.3, ,73.4, ,38, ,53.2, ,100, ,0, ,60, ,39.8, ,2.7, ,64.2, ,52.4, 
255,1/6/2020,6,0.1, ,0, ,319, ,6.8, ,77.3, ,37.5, ,57.5, ,75, ,2, ,42, ,34.6, ,4.5, ,108.3, ,52.3, 
255,1/7/2020,7,0.09, ,0, ,303, ,6.7, ,80.5, ,38, ,56.9, ,74, ,20, ,43, ,34.4, ,3.1, ,74.1, ,52, 
255,1/8/2020,8,0.07, ,0.03, ,309, ,10.8, ,64.9, ,37.4, ,51.8, ,100, ,50, ,82, ,46.5, ,3.8, ,90, ,52, 
255,1/9/2020,9,0.07, ,0, ,180, ,4.3, ,61.6, ,41.5, ,51.1, ,100, ,1, ,34, ,23.7, ,3.6, ,85.8, ,52.6, 
255,1/10/2020,10,0.07, ,0, ,309, ,9.4, ,70.4, ,36.3, ,51.4, ,100, ,8, ,73, ,43, ,2.9, ,70.5, ,52.1, 
255,1/11/2020,11,0.08, ,0.01, ,289, ,4.5, ,63.2, ,36.9, ,50.2, ,100, ,1, ,36, ,24.3, ,3.3, ,79.9, ,52.2, 
255,1/12/2020,12,0.08, ,0, ,306, ,3.4,H,64.5, ,40.4, ,51.4, ,100,H,1,H,27, ,18.3, ,3.1, ,75.5, ,52.5, 
255,1/13/2020,13,0.08, ,0, ,238, ,3.1,H,64.1, ,44.5, ,52.9, ,100,H,0,H,22, ,15.6, ,2.8, ,67.5, ,53, 
255,1/14/2020,14,0.07, ,0, ,217, ,3, ,64.4, ,38.8, ,50.2, ,100, ,0, ,24, ,14.9, ,2.5, ,60.8, ,53.1, 
255,1/15/2020,15,0.08, ,0.01, ,260, ,0.8,Y,72.9, ,39.1, ,51.4, ,45, ,0, ,6,Y,-14.3,Y,2.6, ,63.1, ,53.1, 
255,1/16/2020,16,0.1, ,0.04, ,267, ,0.8,Y,61.4, ,37.9, ,49.4, ,24, ,0, ,6,Y,-14,Y,4.2, ,100.2, ,53.1, 
255,1/17/2020,17,0.08,H,0.12, ,186, ,0.6,Y,63.4, ,41.1, ,52.1, ,34,H,0,H,4,Y,-19.9,Y,3.2, ,77.2, ,53.7, 
255,1/18/2020,18,0.09, ,0.04, ,253, ,1.6,Y,73, ,35.9, ,54, ,67,H,0,H,11,Y,1.3,Y,3.2, ,77.3, ,53.5, 
255,1/19/2020,19,0.08, ,0.09, ,153, ,7.7, ,78.5, ,39.3, ,58.9, ,91, ,11, ,45, ,37.7, ,4.3,Y,102.4,Y,53.1, 
255,1/20/2020,20,0.02, ,0.06, ,103, ,12.5, ,65.8, ,46.2, ,55.9, ,98, ,54, ,82, ,50.4, ,3.4, ,80.9, ,54, 
255,1/21/2020,21,0.08,H,0.03, ,78, ,1.2,Y,59.8, ,47.3, ,55, ,69,H,0,H,8,Y,-5.1,Y,3.6, ,87.6, ,55.1, 
255,1/22/2020,22,0.09, ,0.05, ,212, ,0.2,Y,66.2, ,46.8, ,55.2, ,7,H,0,H,1,Y,-43.5,Y,2.5, ,60.9, ,55.4, 
255,1/23/2020,23,0.09, ,0.03, ,210, ,6.3, ,78.2, ,41.4, ,58.9, ,92, ,0, ,37, ,32.9, ,3.3, ,79.4, ,55.2, 
255,1/24/2020,24,0.09, ,0.04, ,234, ,7.4, ,77.3, ,44.1, ,58.7, ,92, ,1, ,44, ,36.7, ,3.1, ,74, ,55.1, 
255,1/25/2020,25,0.09, ,0.02, ,221, ,6.9, ,78.3, ,43.9, ,58.2, ,92, ,1, ,42, ,35, ,3.2, ,76, ,55.2, 
255,1/26/2020,26,0.08, ,0.13, ,98, ,1,Y,61.5, ,47.8, ,54, ,74, ,1, ,7,Y,-8.3,Y,3.7, ,89.7, ,55.7, 
255,1/27/2020,27,0.09, ,0.05, ,205, ,0.2,Y,73.6, ,40.4, ,56.3, ,1, ,1, ,1,Y,-42.4,Y,2.7, ,65.9, ,55.5, 
255,1/28/2020,28,0.11, ,0.06, ,240, ,0.2,Y,76.7, ,42.8, ,58.1, ,2, ,1, ,1,Y,-38.6,Y,3.4, ,81.7, ,55.2, 
255,1/29/2020,29,0.19, ,0.02, ,244, ,0.2,Y,74.2, ,37.6, ,59.2, ,2, ,1, ,1,Y,-39.5,Y,8.3,R,198.3,R,55, 
255,1/30/2020,30,0.12, ,0.06, ,244, ,0.3,Y,77.3, ,38.9, ,59.6, ,2, ,1, ,1,Y,-34.7,Y,3.5, ,84.7, ,54.7, 
255,1/31/2020,31,0.12, ,0.04, ,273, ,0.3,Y,83, ,40.3, ,62.5, ,3, ,1, ,2,Y,-29.2,Y,3.1, ,73.7, ,54.9, 
255,2/1/2020,32,0.11, ,0.05, ,281, ,0.4,Y,90.3,Y,43.6, ,65.6, ,3, ,1, ,2,Y,-27.7,Y,2.5, ,59.6, ,55.3, 
255,2/2/2020,33,0.14, ,0.04, ,273, ,0.3,Y,75.6, ,44.9, ,59.5, ,2, ,1, ,2,Y,-32.7,Y,5.1,R,122.2,R,55.6, 
255,2/3/2020,34,0.17, ,0.03, ,269, ,0.2,Y,62.2, ,46.1, ,55.1, ,2, ,1, ,1,Y,-38.6,Y,8.5,R,203.4,R,56.1, 
255,2/4/2020,35,0.19, ,0, ,300, ,0.1,Y,60.3, ,34.1, ,50.5, ,1, ,1, ,1,Y,-44.6,Y,11.3,R,270.1,R,54.9, 
255,2/5/2020,36,0.11, ,0.04, ,274, ,0.1,Y,63.7, ,29.7,Y,47.7, ,1,H,0,H,1,Y,-48.6,Y,3.9, ,92.7, ,53.2, 
255,2/6/2020,37,0.11, ,0.02, ,282, ,0.2,Y,68.9, ,37.5, ,52, ,2, ,1, ,1,Y,-42.4,Y,3.1, ,73.3, ,52.9, 
255,2/7/2020,38,0.1, ,0, ,288, ,0.8,Y,71.8, ,38.7, ,54.9, ,53,H,1,H,6,Y,-12.3,Y,2.7, ,65.9, ,53.2, 
255,2/8/2020,39,0.1, ,0, ,278, ,4.6, ,73.5, ,41.4, ,56, ,99, ,1, ,30, ,25.3, ,3.9, ,94.7, ,53.8, 
255,2/9/2020,40,0.11,H,0, ,95, ,0.2,Y,59.5, ,50.1, ,54.3, ,9,H,1,H,2,Y,-36.9,Y,6.6,R,158,R,54.4, 
255,2/10/2020,41,0.14, ,0, ,303, ,8.1, ,71.3, ,48.4, ,60.9, ,90, ,1, ,44, ,39, ,8.6,R,206.3,R,52.3, 
255,2/11/2020,42,0.16, ,0.01, ,336, ,8.3, ,72.8, ,44.2, ,60.7, ,93, ,26, ,46, ,39.7, ,8.4,R,201,R,52.6, 
255,2/12/2020,43,0.12, ,0, ,326, ,1.7,Y,68.6, ,40, ,53.4, ,62, ,1, ,13,Y,3,Y,3.9, ,93.1, ,52.4, 
255,2/13/2020,44,0.1, ,0.03, ,308, ,5.3, ,74.2, ,38.1, ,54.7, ,83, ,1, ,36, ,28.4, ,3.2, ,76.4, ,52.6, 
255,2/14/2020,45,0.11, ,0.02, ,327, ,5.3, ,72.1, ,38.7, ,55.7, ,84, ,1, ,35, ,28.3, ,3.6, ,87.2, ,53, 
255,2/15/2020,46,0.11, ,0.03, ,315, ,3.6,Y,73.1, ,36.5, ,55.7, ,63, ,1, ,24,Y,19.2,Y,3.2, ,76, ,53.1, 
255,2/16/2020,47,0.11, ,0, ,313, ,4.8, ,74.9, ,40.8, ,57.5, ,72, ,1, ,29, ,25.9, ,3.4, ,81.2, ,53.6, 
255,2/17/2020,48,0.12, ,0, ,286, ,5, ,74.2, ,42.4, ,57.9, ,96, ,1, ,31, ,27.2, ,3.4, ,82.5, ,54.2, 
255,2/18/2020,49,0.1, ,0, ,202, ,3.8, ,76.4, ,45, ,58.7, ,60, ,1, ,23, ,20.8, ,3.8, ,91.4, ,54.8, 
255,2/19/2020,50,0.12,H,0, ,363, ,5.9,H,74.4, ,--,S,59.1, ,93,H,1,H,34, ,31, ,3.9, ,94.1, ,56.2, 
255,2/20/2020,51,0.13, ,0.02,H,433, ,8.9, ,80.2, ,42.5, ,59.9, ,99, ,23, ,51, ,41.6, ,2.8, ,66.2, ,56.5, 
255,2/21/2020,52,0.13, ,0.04,H,364, ,9.3, ,80.4, ,41.5, ,61.4, ,83, ,22, ,50, ,42.7, ,4.8,Y,116,Y,56.7, 
255,2/22/2020,53,0.08, ,0.04, ,300, ,11.5, ,63.1, ,51.3, ,56.6, ,87, ,56, ,73, ,48.2, ,5.3,Y,126.6,Y,57.9, 
255,2/23/2020,54,0.07, ,0.01, ,278, ,12, ,65.6, ,47.6, ,56.2, ,93, ,57, ,78, ,49.3, ,3.4, ,80.6, ,58.2, 
255,2/24/2020,55,0.12, ,0.06, ,385, ,11.5, ,74.8, ,40.9, ,56.9, ,98, ,41, ,73, ,48.2, ,3.8, ,90.8, ,57.7, 
255,2/25/2020,56,0.22, ,0.05,H,388, ,6, ,81.8, ,40.3, ,64.8,Y,97,H,9,H,28,Y,31.4,Y,8.4,R,202.5,R,57.4, 
255,2/26/2020,57,0.17, ,0.04,H,481,R,4.8, ,81.6, ,47.1, ,64.8, ,33, ,15, ,23, ,26.1, ,3.9, ,94.8, ,57.7, 
255,2/27/2020,58,0.17, ,0.12, ,385, ,6.3, ,85,Y,42.8, ,65.7,Y,56, ,15, ,29,Y,32.6,Y,4.4, ,105.9, ,57.7, 
255,2/28/2020,59,0.19, ,0.02, ,435, ,7.2, ,88.4,Y,52, ,68.6,Y,59, ,15, ,30,Y,36.1,Y,4.1, ,98.3, ,58.3, 
255,2/29/2020,60,0.13, ,0.08, ,409, ,9.8, ,74.7, ,46.8, ,60.4, ,85, ,28, ,55, ,44, ,4.6, ,110.8, ,58.8, 
255,3/1/2020,61,0.09, ,0.02, ,302, ,11.4, ,62.6, ,49.1, ,55.1, ,98, ,53, ,77, ,47.9, ,6.2,R,148.9,R,59, 
255,3/2/2020,62,0.17, ,0.01,H,472, ,8, ,68.8, ,45.3, ,57.9, ,100, ,19, ,49, ,38.9, ,5.7,Y,137.7,Y,53.4, 
255,3/3/2020,63,0.18, ,0.03,H,526,R,7.3, ,84.5, ,43.4, ,64.4, ,68, ,21, ,35, ,36.4, ,4.3, ,104, ,53.6, 
255,3/4/2020,64,0.15, ,0.02,H,513,R,12, ,77.8, ,46, ,60.4, ,92, ,37, ,67, ,49.3, ,4.1, ,97.8, ,55.1, 
255,3/5/2020,65,0.16, ,0.03,H,490, ,14.9, ,85.7, ,53.2, ,66, ,100, ,35, ,68, ,55.3, ,3.4, ,81, ,56.8, 
255,3/6/2020,66,0.15, ,0.02, ,500, ,14.6, ,74.9, ,51.4, ,62.3, ,99, ,49, ,76, ,54.8, ,5,Y,121.1,Y,58, 
255,3/7/2020,67,0.13, ,0.04,H,424, ,12.6, ,66.7, ,54.5, ,58.5, ,90, ,53, ,75, ,50.6, ,5.8,R,138.8,R,58.7, 
255,3/8/2020,68,0.12, ,0, ,436, ,11.4, ,66.2, ,48.2, ,56.7, ,93, ,48, ,73, ,48.1, ,4, ,95, ,58.5, 
255,3/9/2020,69,0.14, ,0.06, ,420, ,10.6, ,73.9, ,43.4, ,59.4, ,95, ,37, ,61, ,46, ,3.3, ,78.1, ,58, 
255,3/10/2020,70,0.05, ,0.57, ,214, ,16.3, ,67.3, ,54.7, ,60.3, ,98, ,81, ,91, ,57.7, ,3.8, ,90.4, ,59.1, 
255,3/11/2020,71,0.14, ,0.1, ,493, ,15.3, ,73.4, ,53.4, ,62, ,100, ,58, ,80, ,55.9, ,3.5, ,83.6, ,59.9, 
255,3/12/2020,72,0, ,0.01, ,43, ,14.1, ,60.9, ,50.7, ,54.9, ,99, ,91, ,96, ,53.6, ,3.9, ,93.7, ,58.9, 
255,3/13/2020,73,0.01, ,0.02, ,117, ,14, ,57.4, ,51.8, ,54.8, ,99, ,90, ,96, ,53.6, ,2.6, ,62.9, ,57.5, 
255,3/14/2020,74,0.04, ,0.01, ,196, ,14.2, ,62.7, ,52.4, ,57.1, ,99, ,75, ,89, ,54, ,3.4, ,81, ,58.3, 
255,3/15/2020,75,0.07, ,0, ,266, ,12.6, ,63.7, ,48.2, ,56.2, ,99, ,66, ,82, ,50.7, ,4.2, ,100.4, ,58.8, 
255,3/16/2020,76,0.06, ,0, ,230, ,11.9, ,61.4, ,50.1, ,54.4, ,98, ,65, ,82, ,49.2, ,3.8, ,90.6, ,58.7, 
255,3/17/2020,77,0.11, ,0, ,437, ,9.4, ,60.3, ,43, ,51.1, ,95, ,55, ,73, ,42.9, ,3.4, ,82.5, ,58.1, 
255,3/18/2020,78,0.07, ,0, ,284, ,9, ,60, ,36.8, ,48.4, ,98, ,56, ,78, ,41.8, ,3.5, ,82.8, ,56.7, 
255,3/19/2020,79,0.06, ,0.07, ,276, ,11, ,60.1, ,44, ,50.4, ,99, ,71, ,88, ,47.1, ,3.1, ,74.4, ,56.4, 
255,3/20/2020,80,0.11, ,0, ,445, ,11.7, ,65.4, ,45.2, ,55.1, ,100, ,55, ,79, ,48.7, ,2.8, ,66.9, ,56.8, 
255,3/21/2020,81,0.15, ,0, ,534, ,12.2, ,67.5, ,42.8, ,55.8, ,99, ,60, ,80, ,49.7, ,3.7, ,88.2, ,57.6, 
255,3/22/2020,82,0.13, ,0.02, ,459, ,12.6, ,69.1, ,42.7, ,56.6, ,100, ,52, ,80, ,50.7, ,3.5, ,85, ,57.7, 
255,3/23/2020,83,0.11, ,0, ,373, ,12.7, ,64.8, ,47.6, ,56.2, ,98, ,63, ,83, ,50.9, ,5.1,Y,121.3,Y,58.3, 
255,3/24/2020,84,0.13, ,0, ,482, ,12, ,64.8, ,43.9, ,55, ,100, ,63, ,81, ,49.4, ,4.8,Y,115.6,Y,58, 
255,3/25/2020,85,0.12, ,0.1, ,422, ,11.1, ,64.1, ,46.3, ,54.5, ,89, ,61, ,77, ,47.3, ,5,Y,119.4,Y,58.2, 
255,3/26/2020,86,0.16, ,0, ,589,R,8.5, ,61.5, ,38.7, ,50.3, ,94, ,45, ,69, ,40.4, ,4.7, ,112.6, ,58, 
255,3/27/2020,87,0.17, ,0, ,618,R,8.7, ,65.3, ,36.1, ,51.4, ,97, ,40, ,67, ,41, ,4.1, ,97.3, ,57.1, 
255,3/28/2020,88,0.17, ,0, ,601,R,9.7, ,67.8, ,37.9, ,54, ,96, ,43, ,68, ,43.8, ,3.5, ,84.6, ,56.8, 
255,3/29/2020,89,0.17, ,0, ,566, ,11.4, ,67.9, ,41.1, ,55.2, ,100, ,54, ,77, ,48, ,4.5, ,107.1, ,57.1, 
255,3/30/2020,90,0.19, ,0, ,628,R,12.2, ,77.7, ,40.8, ,60, ,100, ,37, ,69, ,49.9, ,3.9, ,93.1, ,57.6, 
255,3/31/2020,91,0.16, ,0, ,444, ,12.2, ,81, ,47.9, ,64.2, ,92, ,30, ,60, ,49.9, ,3.7, ,89.8, ,58.7, 
255,4/1/2020,92,0.21, ,0, ,616,R,14.2, ,78.1, ,53.5, ,64.8, ,96, ,41, ,68, ,53.8, ,5.4,Y,129.7,Y,60, 
255,4/2/2020,93,0.15, ,0, ,466, ,14.2, ,73.1, ,55.1, ,62.5, ,89, ,54, ,73, ,53.9, ,4.5, ,108.5, ,61, 
255,4/3/2020,94,0.19, ,0.07, ,620,R,13.8, ,73.7, ,49.7, ,62, ,96, ,45, ,73, ,53.2, ,5.5,Y,132.7,Y,61.4, 
255,4/4/2020,95,0.13, ,0.01, ,422, ,13.1, ,70.2, ,48.9, ,59.2, ,99, ,55, ,76, ,51.7, ,5.5,Y,132.4,Y,61.4, 
255,4/5/2020,96,0.04, ,0.02, ,151, ,12.2, ,61.3, ,52.6, ,56.5, ,93, ,68, ,78, ,49.9, ,5.1,Y,122,Y,61.4, 
255,4/6/2020,97,0.01, ,0.05, ,100, ,13.7, ,58.4, ,52.2, ,54.7, ,98, ,85, ,94, ,53, ,3.8, ,90.9, ,60.7, 
255,4/7/2020,98,0.06, ,0.02, ,261, ,13.2, ,60.5, ,50.7, ,55.1, ,98, ,75, ,89, ,51.9, ,3.7, ,89.1, ,60.3, 
255,4/8/2020,99,0.1, ,0, ,350, ,11.1, ,60.7, ,49.8, ,53.5, ,97, ,63, ,80, ,47.4, ,5.3,Y,128,Y,60.5, 
255,4/9/2020,100,0.02, ,0.06, ,133, ,11.5, ,54.9, ,49.2, ,51.4, ,97, ,85, ,89, ,48.2, ,4.9,Y,118.2,Y,59.9, 
255,4/10/2020,101,0.07, ,0.1, ,254, ,11.3, ,60.2, ,49.3, ,53.4, ,94, ,66, ,81, ,47.7, ,7,R,169,R,59, 
255,4/11/2020,102,0.17, ,0.11, ,585, ,13.3, ,68.8, ,46.8, ,57.4, ,100, ,64, ,83, ,52.2, ,5.8,Y,139.2,Y,58.9, 
255,4/12/2020,103,0.07, ,0.17, ,258, ,13.6, ,61.9, ,54.4, ,57.5, ,91, ,76, ,84, ,52.8, ,7.1,R,169.6,R,60.3, 
255,4/13/2020,104,0.04, ,0.22, ,177, ,13.4, ,61.4, ,54.1, ,57.2, ,91, ,72, ,84, ,52.4, ,4.4, ,104.9, ,60.7, 
255,4/14/2020,105,0.21, ,0.02,H,596, ,10.8, ,82.4, ,49, ,64, ,100, ,17, ,53, ,46.6, ,3.7, ,89.9, ,60.9, 
255,4/15/2020,106,0.25, ,0.04, ,657,R,10.2, ,86.1, ,50.5, ,67.7, ,88, ,18, ,44, ,45, ,5,Y,119.8,Y,61.8, 
255,4/16/2020,107,0.23, ,0, ,656, ,14.1, ,92.8,Y,54.6, ,67.7, ,99, ,35, ,61, ,53.8, ,5.5,Y,132.7,Y,62.4, 
255,4/17/2020,108,0.15,R,0.11, ,457, ,19.4,Y,93,Y,57.7,Y,67.9,H,93,H,51,H,83,Y,62.7,Y,6,R,144.9,R,62.8, 
255,4/18/2020,109,0.06, ,0.14, ,208, ,16, ,70.6, ,58.2,Y,62.8, ,100, ,65, ,82, ,57.3, ,5.9,R,141.7,R,63.2, 
255,4/19/2020,110,0.12, ,0, ,371, ,14.4, ,71.1, ,57.4, ,62.4, ,93, ,56, ,75, ,54.3, ,5.4,Y,128.9,Y,62.5, 
255,4/20/2020,111,0.1, ,0, ,314, ,14.5, ,72.8, ,55.7, ,62.3, ,93, ,58, ,76, ,54.5, ,5.3,Y,127.9,Y,62.7, 
255,4/21/2020,112,0.22, ,0, ,628, ,13.8, ,76.8, ,55.8, ,63.9, ,89, ,48, ,68, ,53.2, ,6.2,R,149.8,R,63.1, 
255,4/22/2020,113,0.26, ,0, ,696,R,15.8, ,98.1,Y,53.6, ,73.3,Y,99,H,30,H,57,Y,56.9,Y,4.5, ,109.1, ,63.9, 
255,4/23/2020,114,0.27, ,0, ,693,R,16.8, ,--,S,57.1, ,77.3,Y,93,H,24,H,53,Y,58.6,Y,4.8, ,115.7, ,65.4, 
255,4/24/2020,115,0.28,R,0, ,685,R,17.2, ,100,Y,61.7,Y,83.8,R,90,H,14,H,--,R,--,I,3.9, ,92.6, ,67.2, 
255,4/25/2020,116,0.28, ,0, ,711,R,17.1, ,96.5,Y,58.2, ,80.2,R,79,H,28,H,--,R,--,I,4.6, ,111.5, ,69, 
255,4/26/2020,117,0.28,R,0, ,688,R,20.9,Y,110.8,R,--,S,82.8,R,73,H,24,H,--,R,--,I,5,Y,120.7,Y,70.1, 
255,4/27/2020,118,0.27, ,0, ,693,R,19.6,Y,95.8,Y,63.3,Y,76.5,Y,95,H,40,H,63,Y,62.9,Y,5.2,Y,123.9,Y,70.4, 
255,4/28/2020,119,0.27, ,0, ,699,R,21.8,Y,98.8,Y,64.6,Y,77.3,Y,96,H,42,H,68,Y,66,Y,5.4,Y,128.5,Y,70.6, 
255,4/29/2020,120,0.2, ,0, ,538, ,23.3,R,--,S,62.2,Y,73.9,Y,99,H,50,H,--,R,--,I,5.7,Y,135.9,Y,69.8, 
255,4/30/2020,121,0.23, ,0, ,645, ,20.1,Y,86.1, ,62.1,Y,72, ,97, ,48, ,75,Y,63.6,Y,5.4,Y,130.4,Y,69.7, 
255,5/1/2020,122,0.17, ,0, ,495, ,19,Y,85.5, ,61.4,Y,70, ,97, ,50, ,76,Y,62,Y,5.2,Y,125.9,Y,70.6, 
255,5/2/2020,123,0.25, ,0, ,697, ,17.2, ,85.3, ,59.3, ,70.4, ,100, ,43, ,68, ,59.3, ,5.4,Y,130.5,Y,70.3, 
255,5/3/2020,124,0.24, ,0, ,699, ,17.2, ,83.4, ,56.5, ,69.3, ,99, ,48, ,70, ,59.2, ,5.1,Y,123.5,Y,70, 
255,5/4/2020,125,0.26, ,0, ,714,R,18.1, ,94.1, ,53.7, ,73.9,Y,96,H,34,H,63,Y,60.6,Y,4.5, ,108.6, ,70.1, 
255,5/5/2020,126,0.29,R,0, ,732,R,18.2, ,103.7,Y,64.6,Y,81.6,R,94,H,26,H,--,R,--,I,4.2, ,101.3, ,70.7, 
255,5/6/2020,127,0.29, ,0, ,745,R,17, ,101.6,Y,65.9,R,83,R,83,H,23,H,--,R,--,I,4.1, ,97.3, ,71.3, 
255,5/7/2020,128,0.29,R,0, ,708, ,17.1, ,100.3,Y,61.8,Y,81.1,R,79,H,27,H,--,R,--,I,4.7, ,112.6, ,71.7, 
255,5/8/2020,129,0.28,R,0, ,743,R,21.7,Y,104.1,R,65.5,Y,79.8,R,89,H,36,H,--,R,--,I,4.9, ,117.5, ,71.9, 
255,5/9/2020,130,0.25,R,0, ,698, ,22.5,Y,87.5, ,61.8,Y,74.6,Y,100,H,49,H,77,Y,66.9,Y,5.5,Y,131,Y,72, 
255,5/10/2020,131,0.21, ,0, ,614, ,20.6,Y,87.3, ,62.5,Y,70.9, ,100, ,57, ,80,Y,64.3,Y,6.1,R,145.7,R,72, 
255,5/11/2020,132,0.24, ,0, ,692, ,16.4, ,79.9, ,55.8, ,67.6, ,93, ,46, ,71, ,57.9, ,6,R,145.1,R,72, 
255,5/12/2020,133,0.21, ,0, ,617, ,15, ,75.1, ,54.1, ,64, ,93, ,55, ,74, ,55.5, ,6.4,R,153.3,R,71.5, 
255,5/13/2020,134,0.17, ,0, ,532, ,13.2, ,72.6, ,51.5, ,62.5, ,90, ,53, ,69, ,52, ,4.9, ,117.1, ,70.8, 
255,5/14/2020,135,0.24, ,0, ,708, ,15.1, ,81.6, ,48.7, ,65.7, ,93, ,52, ,70, ,55.7, ,4.8, ,114.8, ,70.1, 
255,5/15/2020,136,0.24, ,0, ,731,R,16.3, ,82.5, ,53.6, ,68.8, ,94, ,49, ,68, ,57.7, ,4.4, ,105.7, ,70.2, 
255,5/16/2020,137,0.27, ,0, ,721, ,18.8, ,90.7, ,58.4, ,73.4, ,99, ,42, ,67, ,61.7, ,5.7,Y,137.4,Y,70.7, 
255,5/17/2020,138,0.27, ,0, ,736,R,20.4, ,96.2,Y,61.9, ,73.5,Y,100, ,43, ,72,Y,64.1,Y,6.7,R,160.2,R,71.1, 
255,5/18/2020,139,0.08, ,0.07, ,300, ,18.8, ,79.2, ,59.9, ,66.9, ,98, ,67, ,83, ,61.7, ,6.2,R,149.5,R,71.2, 
255,5/19/2020,140,0.24, ,0, ,683, ,13.5, ,75.8, ,56.3, ,65.8, ,94, ,38, ,62, ,52.6, ,6.3,R,151.8,R,69.8, 
255,5/20/2020,141,0.26, ,0, ,752,R,13.5, ,82.6, ,51.1, ,67.1, ,98, ,35, ,60, ,52.6, ,5.4,Y,130.6,Y,69.1, 
255,5/21/2020,142,0.3, ,0, ,758,R,16.3, ,104.4,R,58.6, ,76.8,Y,100, ,24, ,52,Y,57.7,Y,5.2,Y,124.8,Y,69.5, 
255,5/22/2020,143,0.28,R,0, ,736,R,18.4, ,96.7,Y,56.3, ,72.8, ,100, ,36, ,67, ,61.2, ,6.8,R,162.1,R,70.1, 
255,5/23/2020,144,0.25, ,0, ,675, ,17, ,87.9, ,55.9, ,70, ,90, ,47, ,68, ,58.8, ,6.2,R,149.1,R,70.3, 
255,5/24/2020,145,0.27, ,0, ,721, ,18.1, ,--,S,56.9, ,73.1,Y,97, ,40, ,65,Y,60.6,Y,5.6,Y,134.7,Y,70.5, 
255,5/25/2020,146,0.29,R,0, ,719, ,18.8, ,94.2,Y,60.6, ,78,Y,99,H,36,H,58,Y,61.7,Y,5.8,Y,139.3,Y,71.1, 
255,5/26/2020,147,0.3,H,0, ,744,R,20, ,106.3,R,65.9,Y,80.7,R,89,H,35,H,--,R,--,I,5.6,Y,134.9,Y,71.9, 
255,5/27/2020,148,0.29,R,0,H,748,R,22.9,Y,--,S,67.3,Y,81.2,R,93,H,34,H,--,R,--,I,6.1,R,145.4,R,72.5, 
255,5/28/2020,149,0.27, ,0, ,694, ,22.2,Y,104.3,R,60.1, ,75.8,Y,100,H,44,H,73,Y,66.4,Y,6.6,R,159.2,R,72.9, 
255,5/29/2020,150,0.2, ,0, ,569, ,21,Y,87, ,63.9, ,71.2, ,99, ,62, ,80,Y,64.9,Y,7.7,R,185.7,R,73.1, 
255,5/30/2020,151,0.26, ,0, ,663, ,17.4, ,91.1, ,58.2, ,71.4, ,93, ,41, ,66, ,59.5, ,6.8,R,162.7,R,73, 
255,5/31/2020,152,0.25, ,0, ,672, ,16.9, ,88.9, ,56.6, ,71.5, ,96, ,34, ,64, ,58.8, ,4.8, ,115.9, ,72.8, 
255,6/1/2020,153,0.25, ,0, ,618, ,17.3, ,94.2,Y,62.8, ,78.1,Y,91,H,32,H,53,Y,59.4,Y,5.1,Y,122.6,Y,73, 
255,6/2/2020,154,0.22,R,0, ,533, ,21.4,Y,101.4,Y,64.9,Y,81.3,R,84,H,37,H,--,R,--,I,5.1,Y,122.8,Y,73.3, 
255,6/3/2020,155,0.31,R,0, ,740, ,20.4, ,100.7,Y,67.7,Y,--,S,79,H,21,H,--,Q,--,Q,6.7,R,161.3,R,73.7, 
255,6/4/2020,156,0.27, ,0, ,742, ,22.6,Y,--,S,61.5, ,76,Y,93,H,50,H,74,Y,67,Y,7.2,R,173.9,R,74.4, 
255,6/5/2020,157,0.12, ,0, ,338, ,20, ,81.6, ,64.8,Y,70.1, ,97, ,62, ,80, ,63.5, ,8.1,R,194.8,R,74.3, 
255,6/6/2020,158,0.13, ,0.02, ,386, ,16.9, ,80.5, ,56.8, ,67.3, ,92, ,53, ,74, ,58.7, ,7.1,R,170.7,R,73.4, 
255,6/7/2020,159,0.23, ,0, ,645, ,13.6, ,81.1, ,55.8, ,66.6, ,89, ,41, ,61, ,52.7, ,5.6,Y,133.4,Y,72.7, 
255,6/8/2020,160,0.37,R,0, ,811,R,7.7,R,101.6,Y,46.9,Y,78.4,Y,81,H,10,H,--,R,--,I,9.7,R,231.7,R,72.4, 
255,6/9/2020,161,0.32,R,0, ,807,R,7.2,R,103.2,R,58.8, ,--,S,47,H,8,H,--,Q,--,Q,5.5,Y,133.1,Y,72.5, 
255,6/10/2020,162,0.3,R,0, ,793,R,10.1,Y,--,S,61.9, ,--,S,53,H,8,H,--,Q,--,Q,5.1, ,122.3, ,73, 
255,6/11/2020,163,0.33,R,0, ,782,R,13.8, ,102.6,Y,64.8,Y,--,S,89,H,13,H,--,Q,--,Q,5.9,Y,142.1,Y,73.5, 
255,6/12/2020,164,0.31,R,0, ,788,R,21.1,Y,95.8, ,63.5, ,77.4,Y,100,H,30,H,66,Y,65.1,Y,7.2,R,172.4,R,73.8, 
255,6/13/2020,165,0.28, ,0, ,747, ,17.8, ,85, ,61.7, ,73.6,H,100,H,35,H,63, ,60.2, ,6.3,R,150.2,R,73.6, 
255,6/14/2020,166,0.28, ,0, ,751,R,16.1, ,89.1, ,59.5, ,73.1, ,90, ,36, ,58, ,57.5, ,5.7,Y,136.5,Y,73.4, 
255,6/15/2020,167,0.28, ,0, ,756,R,18.5, ,90.6, ,63.9, ,74.6, ,92, ,41, ,63, ,61.2, ,6.8,R,163.5,R,73.7, 
255,6/16/2020,168,0.2,R,0, ,567, ,20.8,Y,86.3, ,63, ,72.8,H,100,H,48,H,75,Y,64.6,Y,6.5,R,156.2,R,73.9, 
255,6/17/2020,169,0.17, ,0, ,503, ,17.3, ,81.5, ,61.1, ,69.9, ,88, ,48, ,69, ,59.3, ,5.7,Y,136.5,Y,74, 
255,6/18/2020,170,0.17, ,0, ,508, ,17.1, ,79.8, ,60.9, ,67.8, ,92, ,53, ,73, ,59, ,6.7,R,161.4,R,74, 
255,6/19/2020,171,0.22, ,0, ,634, ,16.8, ,83.2, ,59.8, ,69, ,88, ,43, ,69, ,58.5, ,6.6,R,157.7,R,73.8, 
255,6/20/2020,172,0.16, ,0, ,503, ,17.8, ,81.3, ,61.7, ,68.6, ,89, ,54, ,74, ,60.1, ,6,Y,144.1,Y,73.9, 
255,6/21/2020,173,0.2, ,0, ,615, ,18.3, ,80.8, ,61.3, ,69.2, ,91, ,57, ,75, ,60.9, ,5.7,Y,137.8,Y,74.1, 
255,6/22/2020,174,0.24, ,0, ,669, ,18.7, ,88.4, ,61, ,71, ,95, ,43, ,72, ,61.6, ,5.7,Y,135.7,Y,70.1, 
255,6/23/2020,175,0.25, ,0, ,672, ,20, ,91, ,62.5, ,73.5, ,96, ,43, ,71, ,63.5, ,6.3,R,151.8,R,72.4, 
255,6/24/2020,176,0.25, ,0, ,687, ,20.2, ,91.5, ,64.2, ,73.6, ,93, ,43, ,71, ,63.8, ,6.7,R,160.2,R,73.7, 
255,6/25/2020,177,0.23, ,0, ,644, ,20.2, ,90.1, ,64.5, ,73.6, ,91, ,45, ,71, ,63.8, ,6.2,R,149.1,R,74.3, 
255,6/26/2020,178,0.28, ,0, ,737, ,19.3, ,98.2, ,62.7, ,75.7, ,96, ,34, ,64, ,62.5, ,6.5,R,156.8,R,74.8, 
255,6/27/2020,179,0.27, ,0, ,743, ,20.6, ,94.7, ,64.7, ,75.2, ,97, ,41, ,69, ,64.4, ,6.8,R,164,R,75.5, 
255,6/28/2020,180,0.2, ,0, ,577, ,18.1, ,78.1, ,64.6, ,69.4, ,89, ,57, ,74, ,60.6, ,8.2,R,197.9,R,75.8, 
255,6/29/2020,181,0.25, ,0, ,703, ,17.5, ,79.7, ,62.7, ,70.6, ,91, ,46, ,69, ,59.8, ,7.1,R,170.1,R,75.5, 
255,6/30/2020,182,0.25, ,0, ,661, ,19.2, ,108,R,61.6, ,72.9, ,94, ,44, ,69, ,62.3, ,6.9,R,164.9,R,75.3, 
255,7/1/2020,183,0.2, ,0, ,572, ,19, ,84.5, ,62.1, ,70.9, ,96, ,46, ,73, ,62, ,5.7,Y,136.5,Y,75.3, 
255,7/2/2020,184,0.24, ,0, ,628, ,18.1, ,101.4,Y,63.8, ,73.1, ,87, ,35, ,65, ,60.7, ,5.8,Y,139.8,Y,75.4, 
255,7/3/2020,185,0.31, ,0, ,772,R,19.6, ,102.7,Y,64.7, ,82.8,Y,100, ,19, ,51,Y,63,Y,4.9, ,116.6, ,--,S
255,7/4/2020,186,0.32, ,0, ,745,R,15.8, ,--,S,67.6, ,82.1,Y,78, ,24, ,42,Y,56.8,Y,5.7,Y,137.7,Y,--,S
255,7/5/2020,187,0.32, ,0, ,774,R,16.9, ,108,R,67.2, ,84.2,Y,85,H,18,H,42,Y,58.7,Y,5, ,119.5, ,--,S
255,7/6/2020,188,0.32, ,0, ,764,R,16.1, ,107.2,R,61.7, ,82.1,Y,77,H,21,H,43,Y,57.4,Y,5.5,Y,130.9,Y,--,S
255,7/7/2020,189,0.3,H,0, ,768,R,24.3,R,107.7,R,69.4,Y,84.4,Y,83,H,33,H,--,R,--,I,5.8,Y,138.7,Y,66.1,Y
255,7/8/2020,190,0.29, ,0, ,538, ,21.3, ,97.1, ,65.6, ,80.8, ,95, ,32, ,59, ,65.3, ,8.5,R,203.1,R,--,S
255,7/9/2020,191,0.29, ,0, ,723, ,21.7, ,--,S,65.4, ,80.2,H,100,H,29,H,62, ,65.9, ,5.5,Y,132.1,Y,--,S
255,7/10/2020,192,0.3, ,0, ,697, ,22.5,Y,103.8,Y,69.3, ,84.7,Y,100,H,26,H,55,Y,66.9,Y,5.2,Y,124.6,Y,--,S
255,7/11/2020,193,0.3,H,0, ,676, ,19.6, ,--,S,74.1,Y,--,S,79,H,20,H,--,Q,--,Q,5.3,Y,126.4,Y,--,S
255,7/12/2020,194,0.32,R,0, ,706, ,19.9, ,105.3,R,72.9,Y,88.2,R,74,H,21,H,--,R,--,I,5.6,Y,134.6,Y,--,S
255,7/13/2020,195,0.29, ,0, ,709, ,24.7,Y,101.7,Y,71.3,Y,84.5,Y,95,H,36,H,61,Y,69.6,Y,5.8,Y,139.9,Y,--,S
255,7/14/2020,196,0.27, ,0, ,703, ,23.3,Y,95.6, ,67.4, ,78.7, ,98, ,42, ,70,Y,67.9,Y,5.8,Y,140,Y,--,S
255,7/15/2020,197,0.25, ,0, ,637, ,24.4,Y,99.3,Y,68.1, ,80.7, ,96, ,33, ,68,Y,69.3,Y,5.9,R,140.8,R,--,S
255,7/16/2020,198,0.27, ,0, ,691, ,20.2, ,98.5, ,62, ,75.9, ,93, ,40, ,66, ,63.8, ,6.6,R,157.2,R,--,S
255,7/17/2020,199,0.28, ,0, ,703, ,20.8, ,100.7,Y,61.3, ,77.7, ,93, ,39, ,64, ,64.7, ,6.2,R,149.3,R,--,S
255,7/18/2020,200,0.29, ,0, ,706, ,21.9, ,--,S,64.3, ,81.2,H,91,H,31,H,60, ,66, ,5.8,Y,139.8,Y,--,S
255,7/19/2020,201,0.29, ,0, ,712, ,20.5, ,108.6,R,64.1, ,82,Y,94,H,30,H,55,Y,64.1,Y,5.4,Y,130.6,Y,--,S
255,7/20/2020,202,0.28, ,0, ,700, ,19.1, ,102,Y,61.4, ,77.4, ,88, ,35, ,59, ,62.1, ,5.6,Y,133.8,Y,--,S
255,7/21/2020,203,0.27, ,0, ,693, ,22.5, ,97.8, ,64.7, ,79.1, ,95, ,38, ,66, ,66.8, ,6.3,R,150.3,R,--,S
255,7/22/2020,204,0.25, ,0, ,662, ,22.4, ,94.6, ,62.9, ,75.7, ,100, ,46, ,74, ,66.8, ,6.2,R,149.6,R,--,S
255,7/23/2020,205,0.2, ,0, ,563, ,19.2, ,91.2, ,63.2, ,72.6, ,92, ,46, ,70, ,62.3, ,5.3,Y,128.2,Y,--,S
255,7/24/2020,206,0.24, ,0, ,637, ,19, ,106.1,R,60.8, ,73.1, ,92, ,43, ,68, ,62.1, ,6,R,143,R,--,S
255,7/25/2020,207,0.26, ,0, ,686, ,20.9, ,97.4, ,60.2, ,76.9, ,97, ,36, ,66, ,64.7, ,5.4,Y,129.1,Y,--,S
255,7/26/2020,208,0.29, ,0, ,692, ,20.6, ,97.3, ,63, ,81, ,95, ,31, ,57, ,64.3, ,5.2,Y,126,Y,--,S
255,7/27/2020,209,0.27, ,0, ,690, ,19.6, ,94.8, ,62.4, ,77.5, ,90, ,37, ,61, ,62.9, ,5.6,Y,135.1,Y,--,S
255,7/28/2020,210,0.27, ,0, ,707, ,19.7, ,93.9, ,58.6, ,77.5, ,92, ,38, ,61, ,63, ,5.1,Y,122.4,Y,--,S
255,7/29/2020,211,0.27, ,0, ,704, ,22.2, ,100.6,Y,60.3, ,80.7,H,97,H,35,H,62, ,66.5, ,4.7, ,111.9, ,--,S
255,7/30/2020,212,0.28,R,0, ,675, ,22.1, ,--,S,67.7, ,86.4,R,94,H,24,H,--,R,--,I,4.3, ,104.1, ,--,S
255,7/31/2020,213,0.3,R,0, ,665, ,17.3, ,105.9,R,69.8, ,88.4,R,78,H,18,H,--,R,--,I,4.3, ,102.7, ,--,S
255,8/1/2020,214,0.3, ,0, ,701, ,16.7, ,102.6,Y,61.7, ,82.7,Y,73, ,16, ,44,Y,58.5,Y,4.8, ,114.7, ,--,S
255,8/2/2020,215,0.27, ,0, ,679, ,21.1, ,105.7,Y,64.3, ,80.4, ,93, ,31, ,60, ,65, ,4.5, ,108.1, ,--,S
255,8/3/2020,216,0.27, ,0, ,672, ,21.9, ,100,Y,62.7, ,79.7, ,96, ,36, ,63, ,66.1, ,4.2, ,101.3, ,--,S
255,8/4/2020,217,0.23, ,0, ,623, ,22.2, ,94.4, ,64.6, ,75.3, ,100, ,49, ,74, ,66.5, ,5.4,Y,129.4,Y,--,S
255,8/5/2020,218,0.23, ,0, ,612, ,20.5, ,90, ,64.7, ,74.4, ,94, ,45, ,71, ,64.2, ,4.9,Y,116.5,Y,--,S
255,8/6/2020,219,0.23, ,0, ,611, ,18.9, ,89.2, ,60.7, ,74, ,90, ,44, ,66, ,61.8, ,4.5, ,107.1, ,--,S
255,8/7/2020,220,0.25, ,0, ,669, ,17.7, ,93.4, ,54.6, ,73.7, ,97, ,38, ,63, ,60.1, ,4.2, ,101.6, ,--,S
255,8/8/2020,221,0.25, ,0, ,657, ,19.1, ,92.4, ,58.2, ,77, ,93, ,36, ,60, ,62.1, ,4.1, ,97.4, ,--,S
255,8/9/2020,222,0.25, ,0, ,667, ,21, ,98.6, ,61.1, ,79, ,95, ,39, ,62, ,64.9, ,4.1, ,97.7, ,--,S
255,8/10/2020,223,0.25, ,0, ,676, ,20.3, ,--,S,60.5, ,77.3, ,99, ,35, ,63, ,63.9, ,4.1, ,97.8, ,--,S
255,8/11/2020,224,0.21,A,--,M,--,M,--,M,--,M,--,M,--,M,--,M,--,M,--,M,--,M,--,M,--,M,--,M
255,8/12/2020,225,0.21,A,--,M,--,M,--,M,--,M,--,M,--,M,--,M,--,M,--,M,--,M,--,M,--,M,--,M
255,8/13/2020,226,0.21,A,--,M,--,M,--,M,--,M,--,M,--,M,--,M,--,M,--,M,--,M,--,M,--,M,--,M
255,8/14/2020,227,0.21,A,--,M,--,M,--,M,--,M,--,M,--,M,--,M,--,M,--,M,--,M,--,M,--,M,--,M
255,8/15/2020,228,0.21,A,--,M,--,M,--,M,--,M,--,M,--,M,--,M,--,M,--,M,--,M,--,M,--,M,--,M
255,8/16/2020,229,0.21,A,--,M,--,M,--,M,--,M,--,M,--,M,--,M,--,M,--,M,--,M,--,M,--,M,--,M
255,8/17/2020,230,0.21,A,--,M,--,M,--,M,--,M,--,M,--,M,--,M,--,M,--,M,--,M,--,M,--,M,--,M
255,8/18/2020,231,0.21,A,--,M,--,M,--,M,--,M,--,M,--,M,--,M,--,M,--,M,--,M,--,M,--,M,--,M
255,8/19/2020,232,0.2,A,--,M,--,M,--,M,--,M,--,M,--,M,--,M,--,M,--,M,--,M,--,M,--,M,--,M
255,8/20/2020,233,0.2,A,--,M,--,M,--,M,--,M,--,M,--,M,--,M,--,M,--,M,--,M,--,M,--,M,--,M
255,8/21/2020,234,0.2,A,--,M,--,M,--,M,--,M,--,M,--,M,--,M,--,M,--,M,--,M,--,M,--,M,--,M
255,8/22/2020,235,0.2,A,--,M,--,M,--,M,--,M,--,M,--,M,--,M,--,M,--,M,--,M,--,M,--,M,--,M
255,8/23/2020,236,0.2,A,--,M,--,M,--,M,--,M,--,M,--,M,--,M,--,M,--,M,--,M,--,M,--,M,--,M
255,8/24/2020,237,0.2,A,--,M,--,M,--,M,--,M,--,M,--,M,--,M,--,M,--,M,--,M,--,M,--,M,--,M
255,8/25/2020,238,0.2,A,--,M,--,M,--,M,--,M,--,M,--,M,--,M,--,M,--,M,--,M,--,M,--,M,--,M
255,8/26/2020,239,0.2,A,--,M,--,M,--,M,--,M,--,M,--,M,--,M,--,M,--,M,--,M,--,M,--,M,--,M
255,8/27/2020,240,0.2,A,--,M,--,M,--,M,--,M,--,M,--,M,--,M,--,M,--,M,--,M,--,M,--,M,--,M
255,8/28/2020,241,0.2,A,--,M,--,M,--,M,--,M,--,M,--,M,--,M,--,M,--,M,--,M,--,M,--,M,--,M
255,8/29/2020,242,0.2,A,--,M,--,M,--,M,--,M,--,M,--,M,--,M,--,M,--,M,--,M,--,M,--,M,--,M
255,8/30/2020,243,0.2,A,--,M,--,M,--,M,--,M,--,M,--,M,--,M,--,M,--,M,--,M,--,M,--,M,--,M
255,8/31/2020,244,0.19,A,--,M,--,M,--,M,--,M,--,M,--,M,--,M,--,M,--,M,--,M,--,M,--,M,--,M
255,9/1/2020,245,0.19,A,--,M,--,M,--,M,--,M,--,M,--,M,--,M,--,M,--,M,--,M,--,M,--,M,--,M
255,9/2/2020,246,0.19,A,--,M,--,M,--,M,--,M,--,M,--,M,--,M,--,M,--,M,--,M,--,M,--,M,--,M
255,9/3/2020,247,0.19,A,--,M,--,M,--,M,--,M,--,M,--,M,--,M,--,M,--,M,--,M,--,M,--,M,--,M
255,9/4/2020,248,0.19,A,--,M,--,M,--,M,--,M,--,M,--,M,--,M,--,M,--,M,--,M,--,M,--,M,--,M
255,9/5/2020,249,0.18,A,--,M,--,M,--,M,--,M,--,M,--,M,--,M,--,M,--,M,--,M,--,M,--,M,--,M
255,9/6/2020,250,0.18,A,--,M,--,M,--,M,--,M,--,M,--,M,--,M,--,M,--,M,--,M,--,M,--,M,--,M
255,9/7/2020,251,0.18,A,--,M,--,M,--,M,--,M,--,M,--,M,--,M,--,M,--,M,--,M,--,M,--,M,--,M
255,9/8/2020,252,0.18,A,--,M,--,M,--,M,--,M,--,M,--,M,--,M,--,M,--,M,--,M,--,M,--,M,--,M
255,9/9/2020,253,0.17,A,--,M,--,M,--,M,--,M,--,M,--,M,--,M,--,M,--,M,--,M,--,M,--,M,--,M
255,9/10/2020,254,0.17,A,--,M,--,M,--,M,--,M,--,M,--,M,--,M,--,M,--,M,--,M,--,M,--,M,--,M
255,9/11/2020,255,0.17,A,--,M,--,M,--,M,--,M,--,M,--,M,--,M,--,M,--,M,--,M,--,M,--,M,--,M
255,9/12/2020,256,0.17,A,--,M,--,M,--,M,--,M,--,M,--,M,--,M,--,M,--,M,--,M,--,M,--,M,--,M
255,9/13/2020,257,0.16,A,--,M,--,M,--,M,--,M,--,M,--,M,--,M,--,M,--,M,--,M,--,M,--,M,--,M
255,9/14/2020,258,0.16,A,--,M,--,M,--,M,--,M,--,M,--,M,--,M,--,M,--,M,--,M,--,M,--,M,--,M
255,9/15/2020,259,0.16,A,--,M,--,M,--,M,--,M,--,M,--,M,--,M,--,M,--,M,--,M,--,M,--,M,--,M
255,9/16/2020,260,0.16,A,--,M,--,M,--,M,--,M,--,M,--,M,--,M,--,M,--,M,--,M,--,M,--,M,--,M
255,9/17/2020,261,0.16,A,--,M,--,M,--,M,--,M,--,M,--,M,--,M,--,M,--,M,--,M,--,M,--,M,--,M
255,9/18/2020,262,0.16,A,--,M,--,M,--,M,--,M,--,M,--,M,--,M,--,M,--,M,--,M,--,M,--,M,--,M
255,9/19/2020,263,0.15,A,--,M,--,M,--,M,--,M,--,M,--,M,--,M,--,M,--,M,--,M,--,M,--,M,--,M
255,9/20/2020,264,0.15,A,--,M,--,M,--,M,--,M,--,M,--,M,--,M,--,M,--,M,--,M,--,M,--,M,--,M
255,9/21/2020,265,0.15,A,--,M,--,M,--,M,--,M,--,M,--,M,--,M,--,M,--,M,--,M,--,M,--,M,--,M
255,9/22/2020,266,0.15,A,--,M,--,M,--,M,--,M,--,M,--,M,--,M,--,M,--,M,--,M,--,M,--,M,--,M
255,9/23/2020,267,0.15,A,--,M,--,M,--,M,--,M,--,M,--,M,--,M,--,M,--,M,--,M,--,M,--,M,--,M
255,9/24/2020,268,0.15,A,--,M,--,M,--,M,--,M,--,M,--,M,--,M,--,M,--,M,--,M,--,M,--,M,--,M
255,9/25/2020,269,0.15,A,--,M,--,M,--,M,--,M,--,M,--,M,--,M,--,M,--,M,--,M,--,M,--,M,--,M
255,9/26/2020,270,0.14,A,--,M,--,M,--,M,--,M,--,M,--,M,--,M,--,M,--,M,--,M,--,M,--,M,--,M
255,9/27/2020,271,0.14,A,--,M,--,M,--,M,--,M,--,M,--,M,--,M,--,M,--,M,--,M,--,M,--,M,--,M
255,9/28/2020,272,0.14,A,--,M,--,M,--,M,--,M,--,M,--,M,--,M,--,M,--,M,--,M,--,M,--,M,--,M
255,9/29/2020,273,0.14,A,--,M,--,M,--,M,--,M,--,M,--,M,--,M,--,M,--,M,--,M,--,M,--,M,--,M
255,9/30/2020,274,0.14,A,--,M,--,M,--,M,--,M,--,M,--,M,--,M,--,M,--,M,--,M,--,M,--,M,--,M
255,10/1/2020,275,0.14,A,--,M,--,M,--,M,--,M,--,M,--,M,--,M,--,M,--,M,--,M,--,M,--,M,--,M
255,10/2/2020,276,0.14,A,--,M,--,M,--,M,--,M,--,M,--,M,--,M,--,M,--,M,--,M,--,M,--,M,--,M
255,10/3/2020,277,0.13,A,--,M,--,M,--,M,--,M,--,M,--,M,--,M,--,M,--,M,--,M,--,M,--,M,--,M
255,10/4/2020,278,0.13,A,--,M,--,M,--,M,--,M,--,M,--,M,--,M,--,M,--,M,--,M,--,M,--,M,--,M
255,10/5/2020,279,0.13,A,--,M,--,M,--,M,--,M,--,M,--,M,--,M,--,M,--,M,--,M,--,M,--,M,--,M
255,10/6/2020,280,0.13,A,--,M,--,M,--,M,--,M,--,M,--,M,--,M,--,M,--,M,--,M,--,M,--,M,--,M
255,10/7/2020,281,0.13,A,--,M,--,M,--,M,--,M,--,M,--,M,--,M,--,M,--,M,--,M,--,M,--,M,--,M
255,10/8/2020,282,0.12,A,--,M,--,M,--,M,--,M,--,M,--,M,--,M,--,M,--,M,--,M,--,M,--,M,--,M
255,10/9/2020,283,0.12,A,--,M,--,M,--,M,--,M,--,M,--,M,--,M,--,M,--,M,--,M,--,M,--,M,--,M
255,10/10/2020,284,0.12,A,--,M,--,M,--,M,--,M,--,M,--,M,--,M,--,M,--,M,--,M,--,M,--,M,--,M
255,10/11/2020,285,0.12,A,--,M,--,M,--,M,--,M,--,M,--,M,--,M,--,M,--,M,--,M,--,M,--,M,--,M
255,10/12/2020,286,0.12,A,--,M,--,M,--,M,--,M,--,M,--,M,--,M,--,M,--,M,--,M,--,M,--,M,--,M
255,10/13/2020,287,0.12,A,--,M,--,M,--,M,--,M,--,M,--,M,--,M,--,M,--,M,--,M,--,M,--,M,--,M
255,10/14/2020,288,0.11,A,--,M,--,M,--,M,--,M,--,M,--,M,--,M,--,M,--,M,--,M,--,M,--,M,--,M
255,10/15/2020,289,0.11,A,--,M,--,M,--,M,--,M,--,M,--,M,--,M,--,M,--,M,--,M,--,M,--,M,--,M
255,10/16/2020,290,0.11,A,--,M,--,M,--,M,--,M,--,M,--,M,--,M,--,M,--,M,--,M,--,M,--,M,--,M
255,10/17/2020,291,0.11,A,--,M,--,M,--,M,--,M,--,M,--,M,--,M,--,M,--,M,--,M,--,M,--,M,--,M
255,10/18/2020,292,0.11,A,--,M,--,M,--,M,--,M,--,M,--,M,--,M,--,M,--,M,--,M,--,M,--,M,--,M
255,10/19/2020,293,0.1,A,--,M,--,M,--,M,--,M,--,M,--,M,--,M,--,M,--,M,--,M,--,M,--,M,--,M
255,10/20/2020,294,0.1,A,--,M,--,M,--,M,--,M,--,M,--,M,--,M,--,M,--,M,--,M,--,M,--,M,--,M
255,10/21/2020,295,0.1,A,--,M,--,M,--,M,--,M,--,M,--,M,--,M,--,M,--,M,--,M,--,M,--,M,--,M
255,10/22/2020,296,0.1,A,--,M,--,M,--,M,--,M,--,M,--,M,--,M,--,M,--,M,--,M,--,M,--,M,--,M
255,10/23/2020,297,0.1,A,--,M,--,M,--,M,--,M,--,M,--,M,--,M,--,M,--,M,--,M,--,M,--,M,--,M
255,10/24/2020,298,0.1,A,--,M,--,M,--,M,--,M,--,M,--,M,--,M,--,M,--,M,--,M,--,M,--,M,--,M
255,10/25/2020,299,0.1,A,--,M,--,M,--,M,--,M,--,M,--,M,--,M,--,M,--,M,--,M,--,M,--,M,--,M
255,10/26/2020,300,0.1,A,--,M,--,M,--,M,--,M,--,M,--,M,--,M,--,M,--,M,--,M,--,M,--,M,--,M
255,10/27/2020,301,0.1,A,--,M,--,M,--,M,--,M,--,M,--,M,--,M,--,M,--,M,--,M,--,M,--,M,--,M
255,10/28/2020,302,0.1,A,--,M,--,M,--,M,--,M,--,M,--,M,--,M,--,M,--,M,--,M,--,M,--,M,--,M
255,10/29/2020,303,0.1,A,--,M,--,M,--,M,--,M,--,M,--,M,--,M,--,M,--,M,--,M,--,M,--,M,--,M
255,10/30/2020,304,0.09,A,--,M,--,M,--,M,--,M,--,M,--,M,--,M,--,M,--,M,--,M,--,M,--,M,--,M
255,10/31/2020,305,0.09,A,--,M,--,M,--,M,--,M,--,M,--,M,--,M,--,M,--,M,--,M,--,M,--,M,--,M
255,11/1/2020,306,0.09,A,--,M,--,M,--,M,--,M,--,M,--,M,--,M,--,M,--,M,--,M,--,M,--,M,--,M
255,11/2/2020,307,0.09,A,--,M,--,M,--,M,--,M,--,M,--,M,--,M,--,M,--,M,--,M,--,M,--,M,--,M
255,11/3/2020,308,0.09,A,--,M,--,M,--,M,--,M,--,M,--,M,--,M,--,M,--,M,--,M,--,M,--,M,--,M
255,11/4/2020,309,0.09,A,--,M,--,M,--,M,--,M,--,M,--,M,--,M,--,M,--,M,--,M,--,M,--,M,--,M
255,11/5/2020,310,0.09,A,--,M,--,M,--,M,--,M,--,M,--,M,--,M,--,M,--,M,--,M,--,M,--,M,--,M
255,11/6/2020,311,0.09,A,--,M,--,M,--,M,--,M,--,M,--,M,--,M,--,M,--,M,--,M,--,M,--,M,--,M
255,11/7/2020,312,0.09,A,--,M,--,M,--,M,--,M,--,M,--,M,--,M,--,M,--,M,--,M,--,M,--,M,--,M
255,11/8/2020,313,0.08,A,--,M,--,M,--,M,--,M,--,M,--,M,--,M,--,M,--,M,--,M,--,M,--,M,--,M
255,11/9/2020,314,0.08,A,--,M,--,M,--,M,--,M,--,M,--,M,--,M,--,M,--,M,--,M,--,M,--,M,--,M
255,11/10/2020,315,0.08,A,--,M,--,M,--,M,--,M,--,M,--,M,--,M,--,M,--,M,--,M,--,M,--,M,--,M
255,11/11/2020,316,0.08,A,--,M,--,M,--,M,--,M,--,M,--,M,--,M,--,M,--,M,--,M,--,M,--,M,--,M
255,11/12/2020,317,0.08,A,--,M,--,M,--,M,--,M,--,M,--,M,--,M,--,M,--,M,--,M,--,M,--,M,--,M
255,11/13/2020,318,0.08,A,--,M,--,M,--,M,--,M,--,M,--,M,--,M,--,M,--,M,--,M,--,M,--,M,--,M
255,11/14/2020,319,0.08,A,--,M,--,M,--,M,--,M,--,M,--,M,--,M,--,M,--,M,--,M,--,M,--,M,--,M
255,11/15/2020,320,0.08,A,--,M,--,M,--,M,--,M,--,M,--,M,--,M,--,M,--,M,--,M,--,M,--,M,--,M
255,11/16/2020,321,0.08,A,--,M,--,M,--,M,--,M,--,M,--,M,--,M,--,M,--,M,--,M,--,M,--,M,--,M
255,11/17/2020,322,0.08,A,--,M,--,M,--,M,--,M,--,M,--,M,--,M,--,M,--,M,--,M,--,M,--,M,--,M
255,11/18/2020,323,0.08,A,--,M,--,M,--,M,--,M,--,M,--,M,--,M,--,M,--,M,--,M,--,M,--,M,--,M
255,11/19/2020,324,0.07,A,--,M,--,M,--,M,--,M,--,M,--,M,--,M,--,M,--,M,--,M,--,M,--,M,--,M
255,11/20/2020,325,0.07,A,--,M,--,M,--,M,--,M,--,M,--,M,--,M,--,M,--,M,--,M,--,M,--,M,--,M
255,11/21/2020,326,0.07,A,--,M,--,M,--,M,--,M,--,M,--,M,--,M,--,M,--,M,--,M,--,M,--,M,--,M
255,11/22/2020,327,0.07,A,--,M,--,M,--,M,--,M,--,M,--,M,--,M,--,M,--,M,--,M,--,M,--,M,--,M
255,11/23/2020,328,0.07,A,--,M,--,M,--,M,--,M,--,M,--,M,--,M,--,M,--,M,--,M,--,M,--,M,--,M
255,11/24/2020,329,0.07,A,--,M,--,M,--,M,--,M,--,M,--,M,--,M,--,M,--,M,--,M,--,M,--,M,--,M
255,11/25/2020,330,0.07,A,--,M,--,M,--,M,--,M,--,M,--,M,--,M,--,M,--,M,--,M,--,M,--,M,--,M
255,11/26/2020,331,0.07,A,--,M,--,M,--,M,--,M,--,M,--,M,--,M,--,M,--,M,--,M,--,M,--,M,--,M
255,11/27/2020,332,0.07,A,--,M,--,M,--,M,--,M,--,M,--,M,--,M,--,M,--,M,--,M,--,M,--,M,--,M
255,11/28/2020,333,0.07,A,--,M,--,M,--,M,--,M,--,M,--,M,--,M,--,M,--,M,--,M,--,M,--,M,--,M
255,11/29/2020,334,0.06,A,--,M,--,M,--,M,--,M,--,M,--,M,--,M,--,M,--,M,--,M,--,M,--,M,--,M
255,11/30/2020,335,0.06,A,--,M,--,M,--,M,--,M,--,M,--,M,--,M,--,M,--,M,--,M,--,M,--,M,--,M
255,12/1/2020,336,0.06,A,--,M,--,M,--,M,--,M,--,M,--,M,--,M,--,M,--,M,--,M,--,M,--,M,--,M
255,12/2/2020,337,0.06,A,--,M,--,M,--,M,--,M,--,M,--,M,--,M,--,M,--,M,--,M,--,M,--,M,--,M
255,12/3/2020,338,0.06,A,--,M,--,M,--,M,--,M,--,M,--,M,--,M,--,M,--,M,--,M,--,M,--,M,--,M
255,12/4/2020,339,0.06,A,--,M,--,M,--,M,--,M,--,M,--,M,--,M,--,M,--,M,--,M,--,M,--,M,--,M
255,12/5/2020,340,0.06,A,--,M,--,M,--,M,--,M,--,M,--,M,--,M,--,M,--,M,--,M,--,M,--,M,--,M
255,12/6/2020,341,0.06,A,--,M,--,M,--,M,--,M,--,M,--,M,--,M,--,M,--,M,--,M,--,M,--,M,--,M
255,12/7/2020,342,0.06,A,--,M,--,M,--,M,--,M,--,M,--,M,--,M,--,M,--,M,--,M,--,M,--,M,--,M
255,12/8/2020,343,0.06,A,--,M,--,M,--,M,--,M,--,M,--,M,--,M,--,M,--,M,--,M,--,M,--,M,--,M
255,12/9/2020,344,0.06,A,--,M,--,M,--,M,--,M,--,M,--,M,--,M,--,M,--,M,--,M,--,M,--,M,--,M
255,12/10/2020,345,0.06,A,--,M,--,M,--,M,--,M,--,M,--,M,--,M,--,M,--,M,--,M,--,M,--,M,--,M
255,12/11/2020,346,0.06,A,--,M,--,M,--,M,--,M,--,M,--,M,--,M,--,M,--,M,--,M,--,M,--,M,--,M
255,12/12/2020,347,0.06,A,--,M,--,M,--,M,--,M,--,M,--,M,--,M,--,M,--,M,--,M,--,M,--,M,--,M
255,12/13/2020,348,0.06,A,--,M,--,M,--,M,--,M,--,M,--,M,--,M,--,M,--,M,--,M,--,M,--,M,--,M
255,12/14/2020,349,0.06,A,--,M,--,M,--,M,--,M,--,M,--,M,--,M,--,M,--,M,--,M,--,M,--,M,--,M
255,12/15/2020,350,0.06,A,--,M,--,M,--,M,--,M,--,M,--,M,--,M,--,M,--,M,--,M,--,M,--,M,--,M
255,12/16/2020,351,0.06,A,--,M,--,M,--,M,--,M,--,M,--,M,--,M,--,M,--,M,--,M,--,M,--,M,--,M
255,12/17/2020,352,0.06,A,--,M,--,M,--,M,--,M,--,M,--,M,--,M,--,M,--,M,--,M,--,M,--,M,--,M
255,12/18/2020,353,0.06,A,--,M,--,M,--,M,--,M,--,M,--,M,--,M,--,M,--,M,--,M,--,M,--,M,--,M
255,12/19/2020,354,0.06,A,--,M,--,M,--,M,--,M,--,M,--,M,--,M,--,M,--,M,--,M,--,M,--,M,--,M
255,12/20/2020,355,0.06,A,--,M,--,M,--,M,--,M,--,M,--,M,--,M,--,M,--,M,--,M,--,M,--,M,--,M
255,12/21/2020,356,0.06,A,--,M,--,M,--,M,--,M,--,M,--,M,--,M,--,M,--,M,--,M,--,M,--,M,--,M
255,12/22/2020,357,0.06,A,--,M,--,M,--,M,--,M,--,M,--,M,--,M,--,M,--,M,--,M,--,M,--,M,--,M
255,12/23/2020,358,0.06,A,--,M,--,M,--,M,--,M,--,M,--,M,--,M,--,M,--,M,--,M,--,M,--,M,--,M
255,12/24/2020,359,0.06,A,--,M,--,M,--,M,--,M,--,M,--,M,--,M,--,M,--,M,--,M,--,M,--,M,--,M
255,12/25/2020,360,0.06,A,--,M,--,M,--,M,--,M,--,M,--,M,--,M,--,M,--,M,--,M,--,M,--,M,--,M
255,12/26/2020,361,0.06,A,--,M,--,M,--,M,--,M,--,M,--,M,--,M,--,M,--,M,--,M,--,M,--,M,--,M
255,12/27/2020,362,0.06,A,--,M,--,M,--,M,--,M,--,M,--,M,--,M,--,M,--,M,--,M,--,M,--,M,--,M
255,12/28/2020,363,0.06,A,--,M,--,M,--,M,--,M,--,M,--,M,--,M,--,M,--,M,--,M,--,M,--,M,--,M
255,12/29/2020,364,0.05,A,--,M,--,M,--,M,--,M,--,M,--,M,--,M,--,M,--,M,--,M,--,M,--,M,--,M
255,12/30/2020,365,0.05,A,--,M,--,M,--,M,--,M,--,M,--,M,--,M,--,M,--,M,--,M,--,M,--,M,--,M
